./out_dir\Devendra\2018-03-08_22-49-16.png 76 49 172 170
./out_dir\Devendra\2018-03-08_22-50-23.png 47 51 129 154
./out_dir\Devendra\2018-03-08_22-51-01.png 254 135 342 247
./out_dir\Gorky\167673_1726089426042_7757295_n.png 48 35 106 103
./out_dir\Gorky\2018-03-08_22-43-14.png 148 120 338 380
./out_dir\Gorky\2018-03-08_22-44-50.png 156 183 457 581
./out_dir\Gorky\2018-03-08_22-53-13.png 84 110 348 406
./out_dir\Hasan\12670521_10154082288373501_6713103716373228153_n.png 528 381 824 742
./out_dir\Hasan\2018-03-08_22-46-53.png 151 202 538 704
./out_dir\Hasan\2018-03-08_22-47-24.png 63 128 239 340
./out_dir\Hasan\2018-03-08_22-47-47.png 192 238 433 541
